1998-09-26T03:30:03.985      80.73    -47.20   -417.79    428.12  -2.57967  -5.47209  -2.34382
1998-09-26T03:30:09.985      80.71    -47.39   -417.98    428.33  -2.56223  -5.45700  -2.34343
1998-09-26T03:30:15.985      81.24    -47.87   -418.64    429.13  -2.54480  -5.44191  -2.34304
1998-09-26T03:30:21.985      81.39    -48.36   -419.37    429.92  -2.52736  -5.42682  -2.34265
1998-09-26T03:30:27.985      81.59    -48.70   -419.94    430.56  -2.50993  -5.41173  -2.34226
1998-09-26T03:30:33.985      81.85    -48.79   -420.59    431.25  -2.49249  -5.39663  -2.34187
1998-09-26T03:30:39.985      82.07    -48.81   -420.73    431.43  -2.47506  -5.38154  -2.34148
1998-09-26T03:30:45.985      81.67    -48.49   -421.84    432.40  -2.45762  -5.36645  -2.34109
1998-09-26T03:30:51.985      81.45    -49.17   -421.91    432.51  -2.44019  -5.35135  -2.34070
1998-09-26T03:30:57.985      81.70    -49.31   -421.67    432.33  -2.42275  -5.33626  -2.34031
1998-09-26T03:31:03.985      82.27    -49.16   -421.30    432.06  -2.40531  -5.32116  -2.33992
1998-09-26T03:31:09.985      82.06    -49.36   -421.45    432.19  -2.38788  -5.30607  -2.33953
1998-09-26T03:31:15.985      81.91    -50.14   -421.39    432.19  -2.37044  -5.29097  -2.33914
1998-09-26T03:31:21.985      82.11    -50.93   -421.73    432.66  -2.35300  -5.27587  -2.33874
1998-09-26T03:31:27.985      81.90    -50.25   -422.29    433.08  -2.33556  -5.26078  -2.33835
1998-09-26T03:31:33.985      81.70    -49.66   -421.61    432.31  -2.31813  -5.24568  -2.33796
1998-09-26T03:31:39.985      82.44    -49.67   -422.09    432.93  -2.30069  -5.23058  -2.33757
1998-09-26T03:31:45.985      82.31    -49.90   -422.35    433.18  -2.28325  -5.21548  -2.33717
1998-09-26T03:31:51.985      82.47    -50.31   -422.92    433.81  -2.26581  -5.20038  -2.33678
1998-09-26T03:31:57.985      82.91    -50.74   -423.32    434.34  -2.24837  -5.18528  -2.33639
1998-09-26T03:32:03.985      82.96    -50.61   -422.18    433.22  -2.23093  -5.17018  -2.33599
1998-09-26T03:32:09.985      82.96    -50.44   -422.16    433.18  -2.21349  -5.15508  -2.33560
1998-09-26T03:32:15.985      83.60    -50.88   -421.98    433.18  -2.19605  -5.13998  -2.33520
1998-09-26T03:32:21.985      83.61    -51.08   -421.98    433.20  -2.17861  -5.12488  -2.33481
1998-09-26T03:32:27.985      83.66    -51.22   -422.07    433.32  -2.16117  -5.10978  -2.33441
1998-09-26T03:32:33.985      84.08    -51.40   -422.35    433.69  -2.14372  -5.09467  -2.33401
1998-09-26T03:32:39.985      84.22    -51.31   -422.98    434.32  -2.12628  -5.07957  -2.33362
1998-09-26T03:32:45.985      83.94    -51.63   -423.08    434.40  -2.10884  -5.06447  -2.33322
1998-09-26T03:32:51.985      83.68    -51.92   -422.20    433.53  -2.09140  -5.04936  -2.33282
1998-09-26T03:32:57.985      83.93    -51.86   -422.06    433.44  -2.07395  -5.03426  -2.33243
1998-09-26T03:33:03.985      83.64    -52.01   -422.21    433.55  -2.05651  -5.01915  -2.33203
1998-09-26T03:33:09.985      83.45    -52.19   -421.21    432.55  -2.03907  -5.00405  -2.33163
1998-09-26T03:33:15.985      83.56    -51.95   -419.97    431.34  -2.02162  -4.98894  -2.33123
1998-09-26T03:33:21.985      82.91    -51.97   -419.32    430.59  -2.00418  -4.97383  -2.33083
1998-09-26T03:33:27.985      82.30    -52.40   -418.84    430.05  -1.98674  -4.95872  -2.33043
1998-09-26T03:33:33.985      82.48    -52.70   -418.75    430.03  -1.96929  -4.94361  -2.33003
1998-09-26T03:33:39.985      82.14    -53.17   -418.45    429.74  -1.95185  -4.92850  -2.32963
1998-09-26T03:33:45.985      81.67    -53.64   -418.23    429.49  -1.93440  -4.91339  -2.32923
1998-09-26T03:33:51.985      81.75    -54.30   -418.57    429.92  -1.91695  -4.89828  -2.32883
1998-09-26T03:33:57.985      81.54    -54.50   -418.74    430.07  -1.89951  -4.88317  -2.32843
1998-09-26T03:34:03.985      81.15    -54.64   -418.50    429.79  -1.88206  -4.86806  -2.32803
1998-09-26T03:34:09.985      81.22    -54.95   -418.30    429.64  -1.86461  -4.85295  -2.32763
1998-09-26T03:34:15.985      81.00    -55.06   -418.15    429.47  -1.84717  -4.83784  -2.32722
1998-09-26T03:34:21.985      81.04    -55.48   -418.31    429.69  -1.82972  -4.82272  -2.32682
1998-09-26T03:34:27.985      80.80    -55.63   -418.43    429.78  -1.81227  -4.80761  -2.32642
1998-09-26T03:34:33.985      81.19    -55.58   -419.26    430.66  -1.79482  -4.79249  -2.32601
1998-09-26T03:34:39.985      81.27    -55.95   -420.31    431.74  -1.77738  -4.77738  -2.32561
1998-09-26T03:34:45.985      81.12    -56.78   -421.05    432.53  -1.75993  -4.76226  -2.32520
1998-09-26T03:34:51.985      81.55    -56.68   -421.50    433.04  -1.74248  -4.74714  -2.32480
1998-09-26T03:34:57.985      81.41    -57.01   -421.55    433.11  -1.72503  -4.73202  -2.32439
1998-09-26T03:35:03.985      80.72    -57.34   -421.40    432.88  -1.70758  -4.71691  -2.32399
1998-09-26T03:35:09.985      81.25    -57.28   -421.04    432.62  -1.69013  -4.70179  -2.32358
1998-09-26T03:35:15.985      81.62    -57.31   -420.68    432.34  -1.67268  -4.68667  -2.32317
1998-09-26T03:35:21.985      81.51    -57.55   -420.75    432.42  -1.65523  -4.67155  -2.32276
1998-09-26T03:35:27.985      81.55    -57.92   -420.84    432.56  -1.63778  -4.65642  -2.32236
1998-09-26T03:35:33.985      81.28    -58.13   -421.10    432.79  -1.62033  -4.64130  -2.32195
1998-09-26T03:35:39.985      80.92    -58.18   -421.30    432.93  -1.60287  -4.62618  -2.32154
1998-09-26T03:35:45.985      81.49    -58.68   -421.63    433.43  -1.58542  -4.61106  -2.32113
1998-09-26T03:35:51.985      81.66    -58.70   -422.05    433.87  -1.56797  -4.59593  -2.32072
1998-09-26T03:35:57.985      81.49    -58.95   -422.36    434.17  -1.55052  -4.58081  -2.32031
1998-09-26T03:36:03.985      81.67    -59.57   -422.11    434.05  -1.53306  -4.56568  -2.31990
1998-09-26T03:36:09.985      82.11    -59.45   -421.93    433.94  -1.51561  -4.55055  -2.31949
1998-09-26T03:36:15.985      82.12    -59.81   -422.23    434.28  -1.49816  -4.53543  -2.31908
1998-09-26T03:36:21.985      82.13    -60.35   -422.73    434.84  -1.48070  -4.52030  -2.31866
1998-09-26T03:36:27.985      82.75    -60.36   -423.03    435.25  -1.46325  -4.50517  -2.31825
1998-09-26T03:36:33.985      82.62    -60.45   -423.29    435.49  -1.44579  -4.49004  -2.31784
1998-09-26T03:36:39.985      82.55    -60.75   -424.25    436.45  -1.42834  -4.47491  -2.31742
1998-09-26T03:36:45.985      83.24    -60.48   -425.12    437.40  -1.41088  -4.45978  -2.31701
1998-09-26T03:36:51.985      82.73    -60.74   -425.01    437.22  -1.39343  -4.44464  -2.31659
1998-09-26T03:36:57.985      82.37    -60.68   -424.80    436.95  -1.37597  -4.42951  -2.31618
1998-09-26T03:37:03.985      82.80    -60.68   -424.37    436.61  -1.35852  -4.41438  -2.31576
1998-09-26T03:37:09.985      82.54    -60.41   -423.92    436.09  -1.34106  -4.39924  -2.31535
1998-09-26T03:37:15.985      81.82    -60.56   -423.77    435.83  -1.32360  -4.38411  -2.31493
1998-09-26T03:37:21.985      81.82    -60.66   -423.32    435.40  -1.30615  -4.36897  -2.31451
1998-09-26T03:37:27.985      81.53    -61.09   -423.01    435.10  -1.28869  -4.35383  -2.31409
1998-09-26T03:37:33.985      80.88    -61.37   -422.25    434.29  -1.27123  -4.33870  -2.31367
1998-09-26T03:37:39.985      81.22    -61.45   -423.19    435.27  -1.25377  -4.32356  -2.31325
1998-09-26T03:37:45.985      81.86    -60.90   -423.49    435.60  -1.23631  -4.30842  -2.31283
1998-09-26T03:37:51.985      81.54    -61.10   -423.68    435.76  -1.21886  -4.29328  -2.31241
1998-09-26T03:37:57.985      81.85    -61.32   -423.98    436.14  -1.20140  -4.27813  -2.31199
1998-09-26T03:38:03.985      81.73    -61.27   -423.47    435.61  -1.18394  -4.26299  -2.31157
1998-09-26T03:38:09.985      81.22    -61.39   -422.74    434.82  -1.16648  -4.24785  -2.31115
1998-09-26T03:38:15.985      80.44    -61.59   -422.03    434.02  -1.14902  -4.23270  -2.31073
1998-09-26T03:38:21.985      80.16    -61.60   -421.64    433.59  -1.13156  -4.21756  -2.31030
1998-09-26T03:38:27.985      80.02    -61.72   -421.40    433.34  -1.11410  -4.20241  -2.30988
1998-09-26T03:38:33.985      80.45    -61.49   -422.23    434.20  -1.09664  -4.18727  -2.30945
1998-09-26T03:38:39.985      81.76    -61.01   -424.22    436.31  -1.07918  -4.17212  -2.30903
1998-09-26T03:38:45.985      82.42    -60.96   -425.80    437.97  -1.06171  -4.15697  -2.30860
1998-09-26T03:38:51.985      82.70    -61.23   -426.40    438.64  -1.04425  -4.14182  -2.30818
1998-09-26T03:38:57.985      83.02    -61.28   -426.56    438.86  -1.02679  -4.12667  -2.30775
1998-09-26T03:39:03.985      83.00    -61.67   -426.41    438.76  -1.00933  -4.11151  -2.30732
1998-09-26T03:39:09.985      83.01    -61.49   -426.04    438.39  -0.99187  -4.09636  -2.30689
1998-09-26T03:39:15.985      83.14    -61.59   -425.64    438.03  -0.97440  -4.08121  -2.30646
1998-09-26T03:39:21.985      82.65    -61.92   -425.48    437.83  -0.95694  -4.06605  -2.30603
1998-09-26T03:39:27.985      82.48    -62.07   -425.31    437.66  -0.93948  -4.05090  -2.30560
1998-09-26T03:39:33.985      82.51    -62.29   -425.25    437.64  -0.92201  -4.03574  -2.30517
1998-09-26T03:39:39.985      82.45    -61.63   -425.13    437.42  -0.90455  -4.02058  -2.30474
1998-09-26T03:39:45.985      82.77    -61.88   -425.42    437.79  -0.88708  -4.00542  -2.30431
1998-09-26T03:39:51.985      82.53    -62.22   -425.85    438.21  -0.86962  -3.99026  -2.30387
1998-09-26T03:39:57.985      82.68    -62.06   -425.72    438.09  -0.85216  -3.97510  -2.30344
1998-09-26T03:40:03.985      82.88    -62.43   -425.83    438.29  -0.83469  -3.95994  -2.30300
1998-09-26T03:40:09.985      82.62    -62.90   -425.84    438.32  -0.81723  -3.94478  -2.30257
1998-09-26T03:40:15.985      82.88    -62.63   -425.48    437.98  -0.79976  -3.92961  -2.30213
1998-09-26T03:40:21.985      82.14    -63.02   -424.89    437.32  -0.78229  -3.91445  -2.30170
1998-09-26T03:40:27.985      81.78    -63.39   -424.31    436.75  -0.76483  -3.89928  -2.30126
1998-09-26T03:40:33.985      81.72    -63.24   -424.19    436.59  -0.74736  -3.88411  -2.30082
1998-09-26T03:40:39.985      81.70    -63.41   -424.21    436.63  -0.72990  -3.86894  -2.30038
1998-09-26T03:40:45.985      81.46    -63.92   -423.80    436.27  -0.71243  -3.85377  -2.29994
1998-09-26T03:40:51.985      81.41    -64.19   -423.40    435.90  -0.69496  -3.83860  -2.29950
1998-09-26T03:40:57.985      81.02    -64.61   -423.68    436.17  -0.67749  -3.82343  -2.29906
1998-09-26T03:41:03.985      80.79    -64.74   -423.81    436.27  -0.66003  -3.80826  -2.29862
1998-09-26T03:41:09.985      81.69    -65.52   -423.86    436.61  -0.64256  -3.79308  -2.29817
1998-09-26T03:41:15.985      81.48    -65.88   -424.20    436.95  -0.62509  -3.77791  -2.29773
1998-09-26T03:41:21.985      81.52    -66.11   -424.34    437.12  -0.60762  -3.76273  -2.29728
1998-09-26T03:41:27.985      82.08    -66.71   -424.45    437.43  -0.59015  -3.74755  -2.29684
1998-09-26T03:41:33.985      82.15    -67.09   -424.39    437.44  -0.57269  -3.73237  -2.29639
1998-09-26T03:41:39.985      81.97    -67.53   -424.36    437.45  -0.55522  -3.71719  -2.29594
1998-09-26T03:41:45.985      81.97    -67.56   -424.82    437.90  -0.53775  -3.70201  -2.29550
1998-09-26T03:41:51.985      82.30    -67.31   -425.46    438.55  -0.52028  -3.68683  -2.29505
1998-09-26T03:41:57.985      82.42    -67.53   -425.87    438.99  -0.50281  -3.67164  -2.29460
1998-09-26T03:42:03.985      82.26    -67.49   -426.27    439.35  -0.48534  -3.65646  -2.29415
1998-09-26T03:42:09.984      82.65    -66.78   -426.25    439.29  -0.46787  -3.64127  -2.29369
1998-09-26T03:42:15.984      82.91    -66.56   -426.03    439.10  -0.45040  -3.62609  -2.29324
1998-09-26T03:42:21.984      82.54    -66.62   -426.22    439.22  -0.43293  -3.61090  -2.29279
1998-09-26T03:42:27.984      82.69    -66.54   -426.30    439.31  -0.41546  -3.59571  -2.29233
1998-09-26T03:42:33.984      82.59    -66.81   -426.50    439.53  -0.39799  -3.58051  -2.29188
1998-09-26T03:42:39.984      82.05    -66.79   -426.14    439.08  -0.38052  -3.56532  -2.29142
1998-09-26T03:42:45.984      82.36    -67.28   -426.15    439.22  -0.36305  -3.55013  -2.29097
1998-09-26T03:42:51.984      82.06    -67.71   -425.98    439.07  -0.34558  -3.53493  -2.29051
1998-09-26T03:42:57.984      81.58    -68.03   -425.67    438.72  -0.32811  -3.51973  -2.29005
1998-09-26T03:43:03.984      82.03    -68.34   -426.08    439.25  -0.31064  -3.50454  -2.28959
1998-09-26T03:43:09.984      81.92    -68.20   -426.39    439.51  -0.29317  -3.48934  -2.28913
1998-09-26T03:43:15.984      81.72    -68.40   -426.45    439.56  -0.27570  -3.47414  -2.28867
1998-09-26T03:43:21.984      82.08    -68.61   -426.49    439.70  -0.25822  -3.45893  -2.28820
1998-09-26T03:43:27.984      82.49    -68.79   -426.99    440.29  -0.24075  -3.44373  -2.28774
1998-09-26T03:43:33.984      82.19    -69.34   -426.80    440.14  -0.22328  -3.42853  -2.28727
1998-09-26T03:43:39.984      82.13    -69.50   -426.52    439.88  -0.20581  -3.41332  -2.28681
1998-09-26T03:43:45.984      82.01    -69.71   -426.40    439.78  -0.18834  -3.39811  -2.28634
1998-09-26T03:43:51.984      81.74    -70.19   -426.96    440.34  -0.17087  -3.38290  -2.28587
1998-09-26T03:43:57.984      82.03    -70.69   -427.32    440.83  -0.15339  -3.36769  -2.28540
1998-09-26T03:44:03.984      81.82    -69.56   -427.21    440.51  -0.13592  -3.35248  -2.28493
1998-09-26T03:44:09.984      81.40    -69.13   -427.64    440.78  -0.11845  -3.33727  -2.28446
1998-09-26T03:44:15.984      81.32    -69.40   -428.33    441.47  -0.10098  -3.32205  -2.28399
1998-09-26T03:44:21.984      81.82    -69.35   -428.96    442.17  -0.08350  -3.30684  -2.28352
1998-09-26T03:44:27.984      81.96    -68.83   -429.06    442.21  -0.06603  -3.29162  -2.28304
1998-09-26T03:44:33.984      81.13    -67.75   -428.42    441.26  -0.04856  -3.27640  -2.28257
1998-09-26T03:44:39.984      81.36    -67.53   -428.01    440.88  -0.03109  -3.26118  -2.28209
1998-09-26T03:44:45.984      80.85    -67.62   -427.63    440.43  -0.01361  -3.24596  -2.28161
1998-09-26T03:44:51.984      80.07    -67.92   -427.30    440.01   0.00386  -3.23073  -2.28113
1998-09-26T03:44:57.984      79.78    -68.46   -426.56    439.33   0.02133  -3.21551  -2.28065
1998-09-26T03:45:03.984      79.25    -68.42   -426.37    439.03   0.03880  -3.20028  -2.28017
1998-09-26T03:45:09.984      79.09    -69.05   -426.29    439.03   0.05627  -3.18505  -2.27969
1998-09-26T03:45:15.984      78.60    -69.18   -425.99    438.67   0.07375  -3.16982  -2.27921
1998-09-26T03:45:21.984      78.43    -69.41   -425.93    438.62   0.09122  -3.15459  -2.27872
1998-09-26T03:45:27.984      78.38    -70.39   -425.68    438.52   0.10869  -3.13936  -2.27823
1998-09-26T03:45:33.984      78.44    -70.57   -425.73    438.61   0.12616  -3.12413  -2.27775
1998-09-26T03:45:39.984      78.27    -70.77   -425.63    438.51   0.14364  -3.10889  -2.27726
1998-09-26T03:45:45.984      78.49    -71.26   -425.38    438.39   0.16111  -3.09365  -2.27677
1998-09-26T03:45:51.984      78.42    -71.55   -425.50    438.55   0.17858  -3.07842  -2.27628
1998-09-26T03:45:57.984      78.27    -71.46   -425.69    438.68   0.19605  -3.06317  -2.27579
1998-09-26T03:46:03.984      78.33    -71.46   -426.05    439.05   0.21352  -3.04793  -2.27529
1998-09-26T03:46:09.984      78.30    -71.07   -426.52    439.43   0.23100  -3.03269  -2.27480
1998-09-26T03:46:15.984      78.67    -70.50   -426.88    439.75   0.24847  -3.01744  -2.27430
1998-09-26T03:46:21.984      78.55    -70.40   -426.92    439.76   0.26594  -3.00220  -2.27380
1998-09-26T03:46:27.984      78.36    -70.00   -427.19    439.92   0.28341  -2.98695  -2.27330
1998-09-26T03:46:33.984      78.45    -70.29   -426.89    439.69   0.30088  -2.97170  -2.27280
1998-09-26T03:46:39.984      78.12    -70.86   -426.61    439.45   0.31835  -2.95645  -2.27230
1998-09-26T03:46:45.984      77.23    -71.26   -426.18    438.95   0.33582  -2.94120  -2.27180
1998-09-26T03:46:51.984      77.31    -71.93   -425.96    438.86   0.35329  -2.92594  -2.27130
1998-09-26T03:46:57.984      77.20    -72.21   -426.35    439.26   0.37076  -2.91068  -2.27079
1998-09-26T03:47:03.984      77.17    -72.28   -426.64    439.55   0.38823  -2.89543  -2.27028
1998-09-26T03:47:09.984      77.36    -72.42   -426.70    439.66   0.40570  -2.88017  -2.26978
1998-09-26T03:47:15.984      77.43    -71.79   -427.06    439.92   0.42317  -2.86491  -2.26927
1998-09-26T03:47:21.984      76.86    -71.41   -427.72    440.40   0.44064  -2.84964  -2.26875
1998-09-26T03:47:27.984      76.82    -70.54   -428.50    441.01   0.45811  -2.83438  -2.26824
1998-09-26T03:47:33.984      76.77    -68.79   -428.74    440.95   0.47558  -2.81911  -2.26773
1998-09-26T03:47:39.984      76.17    -68.10   -428.84    440.84   0.49305  -2.80384  -2.26721
1998-09-26T03:47:45.984      75.46    -67.61   -428.68    440.49   0.51052  -2.78857  -2.26670
1998-09-26T03:47:51.984      75.43    -67.34   -428.51    440.28   0.52798  -2.77330  -2.26618
1998-09-26T03:47:57.984      74.49    -66.98   -428.58    440.14   0.54545  -2.75803  -2.26566
1998-09-26T03:48:03.984      73.38    -66.58   -428.52    439.83   0.56292  -2.74276  -2.26514
1998-09-26T03:48:09.984      72.33    -65.85   -428.08    439.11   0.58038  -2.72748  -2.26461
1998-09-26T03:48:15.984      71.39    -65.57   -427.99    438.83   0.59785  -2.71220  -2.26409
1998-09-26T03:48:21.984      70.93    -65.48   -427.68    438.44   0.61532  -2.69692  -2.26356
1998-09-26T03:48:27.984      71.48    -65.16   -427.54    438.34   0.63278  -2.68164  -2.26304
1998-09-26T03:48:33.984      70.85    -64.94   -427.67    438.34   0.65025  -2.66636  -2.26251
1998-09-26T03:48:39.984      70.97    -65.56   -427.47    438.26   0.66771  -2.65107  -2.26198
1998-09-26T03:48:45.984      71.97    -65.88   -427.23    438.23   0.68518  -2.63578  -2.26144
1998-09-26T03:48:51.984      71.76    -65.52   -427.25    438.16   0.70264  -2.62050  -2.26091
1998-09-26T03:48:57.984      71.72    -67.12   -426.94    438.09   0.72010  -2.60521  -2.26038
1998-09-26T03:49:03.984      70.72    -68.16   -426.58    437.74   0.73756  -2.58991  -2.25984
1998-09-26T03:49:09.984      70.41    -68.53   -426.62    437.79   0.75503  -2.57462  -2.25930
1998-09-26T03:49:15.984      70.09    -69.70   -426.34    437.65   0.77249  -2.55933  -2.25876
1998-09-26T03:49:21.984      69.59    -71.35   -425.93    437.43   0.78995  -2.54403  -2.25822
1998-09-26T03:49:27.984      69.48    -71.84   -426.08    437.64   0.80741  -2.52873  -2.25767
1998-09-26T03:49:33.984      69.52    -72.27   -426.26    437.89   0.82487  -2.51343  -2.25713
1998-09-26T03:49:39.984      69.65    -73.11   -426.53    438.32   0.84233  -2.49813  -2.25658
1998-09-26T03:49:45.984      69.38    -73.11   -426.58    438.33   0.85979  -2.48282  -2.25603
1998-09-26T03:49:51.984      68.91    -73.65   -426.23    438.00   0.87724  -2.46752  -2.25548
1998-09-26T03:49:57.984      68.12    -74.29   -426.63    438.38   0.89470  -2.45221  -2.25493
1998-09-26T03:50:03.984      67.94    -74.95   -426.22    438.06   0.91216  -2.43690  -2.25438
1998-09-26T03:50:09.984      67.53    -75.41   -426.73    438.57   0.92961  -2.42159  -2.25382
1998-09-26T03:50:15.984      66.58    -76.80   -426.71    438.65   0.94707  -2.40628  -2.25327
1998-09-26T03:50:21.984      65.96    -77.87   -426.76    438.79   0.96452  -2.39096  -2.25271
1998-09-26T03:50:27.984      64.35    -78.18   -427.50    439.33   0.98198  -2.37565  -2.25215
1998-09-26T03:50:33.984      61.75    -77.17   -428.50    439.75   0.99943  -2.36033  -2.25159
1998-09-26T03:50:39.984      57.90    -75.39   -429.68    440.07   1.01688  -2.34501  -2.25102
1998-09-26T03:50:45.984      54.72    -73.45   -430.55    440.18   1.03433  -2.32969  -2.25046
1998-09-26T03:50:51.984      51.29    -73.00   -430.66    439.81   1.05179  -2.31436  -2.24989
1998-09-26T03:50:57.984      48.33    -73.22   -430.42    439.27   1.06923  -2.29904  -2.24932
1998-09-26T03:51:03.984      46.97    -72.32   -430.95    439.49   1.08668  -2.28371  -2.24875
1998-09-26T03:51:09.984      44.94    -71.38   -431.16    439.34   1.10413  -2.26838  -2.24818
1998-09-26T03:51:15.984      42.34    -72.22   -430.98    439.04   1.12158  -2.25305  -2.24760
1998-09-26T03:51:21.984      41.00    -71.24   -431.02    438.78   1.13902  -2.23772  -2.24703
1998-09-26T03:51:27.984      39.49    -70.96   -431.16    438.74   1.15647  -2.22239  -2.24645
1998-09-26T03:51:33.984      39.11    -71.33   -431.11    438.71   1.17391  -2.20705  -2.24587
1998-09-26T03:51:39.984      36.79    -72.26   -431.00    438.57   1.19136  -2.19172  -2.24529
1998-09-26T03:51:45.984      34.57    -72.13   -431.08    438.44   1.20880  -2.17638  -2.24470
1998-09-26T03:51:51.984      33.78    -71.98   -430.72    438.00   1.22624  -2.16104  -2.24412
1998-09-26T03:51:57.984      34.41    -71.84   -431.30    438.60   1.24368  -2.14570  -2.24353
1998-09-26T03:52:03.984      32.49    -72.41   -431.29    438.53   1.26112  -2.13035  -2.24294
1998-09-26T03:52:09.984      29.31    -72.66   -431.20    438.26   1.27856  -2.11501  -2.24235
1998-09-26T03:52:15.984      28.19    -73.62   -430.95    438.10   1.29600  -2.09966  -2.24176
1998-09-26T03:52:21.984      26.54    -75.29   -430.40    437.74   1.31343  -2.08431  -2.24116
1998-09-26T03:52:27.984      26.10    -76.35   -430.37    437.87   1.33087  -2.06896  -2.24056
1998-09-26T03:52:33.984      23.62    -78.89   -429.88    437.70   1.34830  -2.05361  -2.23997
1998-09-26T03:52:39.984      21.42    -82.59   -429.42    437.81   1.36574  -2.03826  -2.23936
1998-09-26T03:52:45.984      18.22    -85.77   -428.71    437.58   1.38317  -2.02290  -2.23876
1998-09-26T03:52:51.984      17.60    -89.72   -428.76    438.40   1.40060  -2.00754  -2.23816
1998-09-26T03:52:57.984      20.91    -93.96   -428.57    439.25   1.41803  -1.99219  -2.23755
1998-09-26T03:53:03.984      23.32    -96.80   -427.67    439.11   1.43546  -1.97683  -2.23694
1998-09-26T03:53:09.984      22.39    -95.87   -428.04    439.21   1.45288  -1.96147  -2.23633
1998-09-26T03:53:15.984      23.93    -97.51   -428.22    439.84   1.47031  -1.94610  -2.23572
1998-09-26T03:53:21.984      28.52    -93.39   -429.21    440.18   1.48773  -1.93074  -2.23511
1998-09-26T03:53:27.984      31.80    -91.90   -430.19    441.04   1.50516  -1.91537  -2.23449
1998-09-26T03:53:33.984      36.60    -96.46   -428.56    440.81   1.52258  -1.90000  -2.23388
1998-09-26T03:53:39.984      37.19   -101.97   -427.19    440.76   1.54000  -1.88463  -2.23326
1998-09-26T03:53:45.984      35.60   -105.89   -426.42    440.81   1.55742  -1.86926  -2.23263
1998-09-26T03:53:51.984      34.05   -108.26   -426.18    441.04   1.57483  -1.85389  -2.23201
1998-09-26T03:53:57.984      34.13   -105.61   -427.69    441.86   1.59225  -1.83852  -2.23139
1998-09-26T03:54:03.984      38.99   -104.44   -428.17    442.45   1.60967  -1.82314  -2.23076
1998-09-26T03:54:09.984      42.72   -108.05   -427.71    443.21   1.62708  -1.80776  -2.23013
1998-09-26T03:54:15.984      45.36   -111.49   -427.30    443.93   1.64449  -1.79239  -2.22950
1998-09-26T03:54:21.984      45.36   -114.60   -426.40    443.85   1.66190  -1.77701  -2.22887
1998-09-26T03:54:27.984      44.36   -116.07   -426.24    443.98   1.67931  -1.76163  -2.22823
1998-09-26T03:54:33.984      44.49   -114.19   -427.45    444.67   1.69672  -1.74624  -2.22759
1998-09-26T03:54:39.984      46.13   -112.59   -428.05    445.01   1.71413  -1.73086  -2.22696
1998-09-26T03:54:45.984      48.84   -111.35   -428.27    445.20   1.73153  -1.71547  -2.22631
1998-09-26T03:54:51.984      50.41   -109.15   -429.24    445.76   1.74894  -1.70009  -2.22567
1998-09-26T03:54:57.984      53.96   -105.87   -429.37    445.51   1.76634  -1.68470  -2.22503
1998-09-26T03:55:03.984      58.24   -106.25   -428.86    445.65   1.78374  -1.66931  -2.22438
1998-09-26T03:55:09.984      61.04   -107.83   -427.55    445.14   1.80114  -1.65392  -2.22373
1998-09-26T03:55:15.984      63.47   -110.28   -426.77    445.33   1.81854  -1.63853  -2.22308
1998-09-26T03:55:21.984      63.83   -112.49   -426.61    445.78   1.83593  -1.62313  -2.22243
1998-09-26T03:55:27.984      63.61   -113.12   -427.34    446.61   1.85333  -1.60774  -2.22178
1998-09-26T03:55:33.984      60.15   -113.18   -427.37    446.18   1.87072  -1.59234  -2.22112
1998-09-26T03:55:39.984      58.24   -107.66   -429.16    446.28   1.88811  -1.57694  -2.22046
1998-09-26T03:55:45.984      60.18   -105.83   -429.14    446.08   1.90550  -1.56154  -2.21980
1998-09-26T03:55:51.984      62.56   -110.29   -427.81    446.21   1.92289  -1.54614  -2.21914
1998-09-26T03:55:57.984      68.41   -117.69   -426.38    447.58   1.94028  -1.53074  -2.21848
1998-09-26T03:56:03.984      66.00   -108.14   -430.34    448.60   1.95766  -1.51534  -2.21781
1998-09-26T03:56:09.984      60.36   -107.77   -430.96    448.31   1.97504  -1.49994  -2.21715
1998-09-26T03:56:15.984      56.92   -109.08   -430.71    447.94   1.99242  -1.48453  -2.21648
1998-09-26T03:56:21.984      66.40   -112.62   -428.15    447.67   2.00980  -1.46913  -2.21581
1998-09-26T03:56:27.984     105.42   -108.08   -422.18    448.36   2.02718  -1.45372  -2.21513
1998-09-26T03:56:33.984     137.80    -99.61   -414.34    447.87   2.04456  -1.43831  -2.21446
1998-09-26T03:56:39.984     157.71    -99.12   -406.93    447.54   2.06193  -1.42290  -2.21378
1998-09-26T03:56:45.984     163.69    -94.57   -406.70    448.49   2.07931  -1.40749  -2.21311
1998-09-26T03:56:51.984     157.87    -92.48   -409.86    448.85   2.09668  -1.39208  -2.21243
1998-09-26T03:56:57.984     160.52    -94.12   -408.72    449.08   2.11405  -1.37667  -2.21174
1998-09-26T03:57:03.984     166.46    -98.33   -407.53    451.06   2.13142  -1.36125  -2.21106
1998-09-26T03:57:09.984     157.78   -101.34   -410.44    451.25   2.14878  -1.34584  -2.21037
1998-09-26T03:57:15.984     158.75    -98.92   -409.73    450.40   2.16615  -1.33042  -2.20969
1998-09-26T03:57:21.984     169.16    -99.97   -404.82    449.99   2.18351  -1.31500  -2.20900
1998-09-26T03:57:27.984     166.11   -100.98   -406.22    450.34   2.20087  -1.29959  -2.20831
1998-09-26T03:57:33.984     164.20    -97.28   -406.38    448.96   2.21823  -1.28417  -2.20761
1998-09-26T03:57:39.984     153.42    -94.29   -412.80    450.37   2.23559  -1.26875  -2.20692
1998-09-26T03:57:51.984     157.14    -97.00   -411.18    450.75   2.27030  -1.23790  -2.20553
1998-09-26T03:57:57.984     159.69    -97.38   -410.11    450.75   2.28765  -1.22248  -2.20483
1998-09-26T03:58:03.984     157.60    -96.89   -411.71    451.37   2.30500  -1.20706  -2.20413
1998-09-26T03:58:09.984     160.60   -100.24   -411.14    452.63   2.32235  -1.19163  -2.20342
1998-09-26T03:58:15.984     158.91   -103.16   -411.98    453.46   2.33969  -1.17621  -2.20272
1998-09-26T03:58:27.984     159.46    -98.87   -412.67    453.32   2.37438  -1.14535  -2.20130
1998-09-26T03:58:33.984     163.42    -99.03   -410.88    453.14   2.39172  -1.12993  -2.20059
1998-09-26T03:58:39.984     161.41    -99.17   -411.63    453.13   2.40906  -1.11450  -2.19988
1998-09-26T03:58:45.984     165.22   -101.60   -407.93    451.69   2.42640  -1.09907  -2.19917
1998-09-26T03:58:51.984     163.41   -103.13   -407.94    451.40   2.44373  -1.08364  -2.19845
1998-09-26T03:58:57.984     163.73   -102.52   -408.16    451.57   2.46107  -1.06821  -2.19774
1998-09-26T03:59:03.984     170.36    -97.94   -410.23    454.87   2.47840  -1.05278  -2.19702
1998-09-26T03:59:09.984     163.54    -99.01   -414.01    456.02   2.49573  -1.03734  -2.19630
1998-09-26T03:59:15.984     167.98   -107.85   -411.50    457.36   2.51306  -1.02191  -2.19558
1998-09-26T03:59:21.984     170.26   -104.72   -411.75    457.70   2.53039  -1.00648  -2.19486
1998-09-26T03:59:27.984     160.40   -109.34   -413.33    456.64   2.54771  -0.99104  -2.19413
1998-09-26T03:59:33.984     156.33   -108.04   -414.58    456.05   2.56503  -0.97561  -2.19340
1998-09-26T03:59:39.984     160.92   -107.21   -412.82    455.86   2.58235  -0.96017  -2.19268
1998-09-26T03:59:45.984     155.31   -105.41   -414.35    454.89   2.59967  -0.94473  -2.19195
1998-09-26T03:59:51.984     157.15   -100.67   -414.41    454.49   2.61699  -0.92930  -2.19122
1998-09-26T03:59:57.984     153.79    -99.70   -414.38    453.10   2.63431  -0.91386  -2.19048
1998-09-26T04:00:03.984     154.60   -101.90   -413.04    452.64   2.65162  -0.89842  -2.18975
1998-09-26T04:00:09.984     155.28   -100.37   -412.90    452.41   2.66893  -0.88298  -2.18902
1998-09-26T04:00:15.984     156.44    -92.39   -415.06    453.08   2.68624  -0.86754  -2.18828
1998-09-26T04:00:21.984     153.88    -84.27   -416.48    451.93   2.70355  -0.85210  -2.18754
1998-09-26T04:00:27.984     157.86    -94.76   -412.64    451.86   2.72086  -0.83666  -2.18680
1998-09-26T04:00:33.984     157.57    -96.75   -413.31    452.78   2.73816  -0.82122  -2.18606
1998-09-26T04:00:39.984     156.26    -99.21   -413.98    453.48   2.75546  -0.80578  -2.18532
1998-09-26T04:00:45.984     157.70   -101.00   -414.02    454.41   2.77276  -0.79034  -2.18457
1998-09-26T04:00:51.984     156.10   -105.67   -413.39    454.34   2.79006  -0.77489  -2.18383
1998-09-26T04:00:57.984     160.83   -110.45   -410.98    454.94   2.80736  -0.75945  -2.18308
1998-09-26T04:01:03.984     168.76   -111.83   -408.66    456.06   2.82466  -0.74401  -2.18233
1998-09-26T04:01:09.984     158.30   -107.28   -415.68    457.55   2.84195  -0.72856  -2.18158
1998-09-26T04:01:15.984     158.02   -108.71   -415.57    457.70   2.85924  -0.71312  -2.18083
1998-09-26T04:01:21.984     158.82   -109.68   -414.89    457.59   2.87653  -0.69767  -2.18008
1998-09-26T04:01:27.984     156.44   -106.65   -417.23    458.18   2.89382  -0.68223  -2.17932
1998-09-26T04:01:33.984     157.87   -106.65   -416.83    458.31   2.91111  -0.66678  -2.17857
1998-09-26T04:01:39.984     148.00   -104.63   -420.83    458.20   2.92839  -0.65134  -2.17781
1998-09-26T04:01:45.984     151.66   -110.67   -419.23    459.35   2.94567  -0.63589  -2.17705
1998-09-26T04:01:51.984     144.71   -107.91   -423.56    460.42   2.96295  -0.62044  -2.17629
1998-09-26T04:01:57.984     145.04   -105.26   -423.90    460.23   2.98023  -0.60500  -2.17553
1998-09-26T04:02:03.984     143.54   -103.55   -424.38    459.81   2.99751  -0.58955  -2.17477
1998-09-26T04:02:09.984     141.07   -110.45   -422.42    458.85   3.01479  -0.57410  -2.17401
1998-09-26T04:02:15.984     138.57   -115.38   -421.64    458.58   3.03206  -0.55865  -2.17324
1998-09-26T04:02:21.984     134.50   -116.02   -422.21    458.06   3.04933  -0.54321  -2.17248
1998-09-26T04:02:27.984     137.49   -116.57   -421.14    458.09   3.06660  -0.52776  -2.17171
1998-09-26T04:02:33.984     137.59   -124.23   -418.27    457.51   3.08387  -0.51231  -2.17094
1998-09-26T04:02:39.984     138.20   -125.54   -418.04    457.84   3.10114  -0.49686  -2.17017
1998-09-26T04:02:45.984     136.64   -125.35   -418.91    458.12   3.11840  -0.48141  -2.16940
1998-09-26T04:02:51.984     136.52   -123.86   -419.11    457.85   3.13567  -0.46596  -2.16863
1998-09-26T04:02:57.984     140.13   -124.63   -417.65    457.82   3.15293  -0.45051  -2.16786
1998-09-26T04:03:03.984     139.71   -128.15   -417.01    458.08   3.17019  -0.43506  -2.16708
1998-09-26T04:03:09.984     134.18   -131.61   -418.73    458.98   3.18745  -0.41961  -2.16631
1998-09-26T04:03:15.984     133.64   -133.96   -417.64    458.51   3.20470  -0.40416  -2.16553
1998-09-26T04:03:21.984     135.44   -133.03   -417.71    458.83   3.22196  -0.38871  -2.16475
1998-09-26T04:03:27.984     137.34   -129.51   -419.37    459.90   3.23921  -0.37326  -2.16397
1998-09-26T04:03:33.984     134.34   -130.57   -420.04    459.92   3.25646  -0.35781  -2.16319
1998-09-26T04:03:39.984     138.98   -127.06   -419.99    460.28   3.27371  -0.34236  -2.16241
1998-09-26T04:03:45.984     146.22   -127.17   -417.25    460.05   3.29096  -0.32691  -2.16163
1998-09-26T04:03:51.984     132.75   -121.71   -422.39    459.19   3.30821  -0.31145  -2.16085
1998-09-26T04:03:57.984     126.91   -117.55   -425.71    459.52   3.32545  -0.29600  -2.16006
1998-09-26T04:04:03.984     133.06   -114.02   -424.99    459.69   3.34270  -0.28055  -2.15928
1998-09-26T04:04:09.984     124.01   -114.14   -428.12    460.10   3.35994  -0.26510  -2.15849
1998-09-26T04:04:15.984     113.54   -112.13   -431.47    460.03   3.37718  -0.24965  -2.15770
1998-09-26T04:04:21.984     110.05   -116.86   -432.18    461.03   3.39442  -0.23419  -2.15691
1998-09-26T04:04:27.984     112.49   -117.39   -431.43    461.05   3.41165  -0.21874  -2.15612
1998-09-26T04:04:33.984     104.29   -113.42   -433.48    460.05   3.42889  -0.20329  -2.15533
1998-09-26T04:04:39.984     102.34   -117.33   -432.20    459.39   3.44612  -0.18784  -2.15454
1998-09-26T04:04:45.984      95.69   -114.95   -433.09    458.19   3.46335  -0.17238  -2.15375
1998-09-26T04:04:51.984      89.70   -118.87   -432.08    457.03   3.48058  -0.15693  -2.15296
1998-09-26T04:04:57.984      89.12   -119.04   -430.03    455.01   3.49781  -0.14148  -2.15216
1998-09-26T04:05:03.984      90.43   -118.16   -428.89    453.97   3.51504  -0.12603  -2.15136
1998-09-26T04:05:09.984      90.24   -116.75   -428.68    453.37   3.53226  -0.11057  -2.15057
1998-09-26T04:05:15.984      90.81   -116.25   -428.53    453.21   3.54949  -0.09512  -2.14977
1998-09-26T04:05:21.984      90.99   -115.22   -429.29    453.70   3.56671  -0.07967  -2.14897
1998-09-26T04:05:27.984      90.52   -114.67   -430.20    454.33   3.58393  -0.06422  -2.14817
1998-09-26T04:05:33.984      90.15   -113.28   -431.13    454.79   3.60115  -0.04876  -2.14737
1998-09-26T04:05:39.984      90.24   -114.24   -431.41    455.31   3.61837  -0.03331  -2.14657
1998-09-26T04:05:45.984      90.26   -115.44   -431.48    455.68   3.63558  -0.01786  -2.14577
1998-09-26T04:05:51.984      89.24   -114.63   -432.46    456.20   3.65280  -0.00241  -2.14496
1998-09-26T04:05:57.984      87.74   -114.14   -433.61    456.88   3.67001   0.01305  -2.14416
1998-09-26T04:06:03.984      86.71   -114.35   -433.88    457.00   3.68722   0.02850  -2.14336
1998-09-26T04:06:09.984      86.83   -113.91   -433.52    456.57   3.70443   0.04395  -2.14255
1998-09-26T04:06:15.984      88.18   -113.15   -433.48    456.60   3.72164   0.05941  -2.14174
1998-09-26T04:06:21.984      87.01   -113.88   -433.15    456.24   3.73885   0.07486  -2.14094
1998-09-26T04:06:27.984      85.86   -114.86   -433.06    456.18   3.75605   0.09031  -2.14013
1998-09-26T04:06:33.984      85.40   -114.44   -433.41    456.33   3.77326   0.10576  -2.13932
1998-09-26T04:06:39.984      84.90   -113.44   -433.97    456.52   3.79046   0.12122  -2.13851
1998-09-26T04:06:45.984      83.00   -113.10   -434.75    456.82   3.80766   0.13667  -2.13770
1998-09-26T04:06:51.984      82.59   -115.10   -434.63    457.13   3.82486   0.15212  -2.13689
1998-09-26T04:06:57.984      82.52   -115.96   -434.63    457.34   3.84206   0.16757  -2.13607
1998-09-26T04:07:03.984      82.61   -114.22   -435.00    457.27   3.85926   0.18303  -2.13526
1998-09-26T04:07:09.984      80.00   -114.40   -435.55    457.38   3.87645   0.19848  -2.13445
1998-09-26T04:07:15.984      80.77   -114.14   -436.15    458.01   3.89365   0.21393  -2.13363
1998-09-26T04:07:21.984      77.69   -120.22   -435.22    458.15   3.91084   0.22938  -2.13281
1998-09-26T04:07:27.984      81.00   -120.46   -434.21    457.84   3.92803   0.24484  -2.13200
1998-09-26T04:07:33.984      82.11   -118.76   -434.58    457.93   3.94522   0.26029  -2.13118
1998-09-26T04:07:39.984      78.02   -118.07   -435.88    458.27   3.96241   0.27574  -2.13036
1998-09-26T04:07:45.984      78.70   -121.15   -435.14    458.50   3.97960   0.29119  -2.12954
1998-09-26T04:07:51.984      78.39   -121.15   -435.53    458.81   3.99678   0.30664  -2.12873
1998-09-26T04:07:57.984      77.69   -123.49   -435.15    458.95   4.01397   0.32210  -2.12791
1998-09-26T04:08:03.984      78.04   -123.08   -435.14    458.90   4.03115   0.33755  -2.12708
1998-09-26T04:08:09.984      77.74   -122.87   -435.48    459.11   4.04833   0.35300  -2.12626
1998-09-26T04:08:15.984      77.46   -123.53   -435.16    458.94   4.06551   0.36845  -2.12544
1998-09-26T04:08:21.984      76.97   -123.59   -434.94    458.66   4.08269   0.38390  -2.12462
1998-09-26T04:08:27.984      77.15   -123.03   -434.74    458.35   4.09987   0.39935  -2.12379
1998-09-26T04:08:33.984      76.72   -122.97   -434.38    457.93   4.11704   0.41480  -2.12297
1998-09-26T04:08:39.984      77.16   -123.31   -434.30    458.02   4.13422   0.43025  -2.12214
1998-09-26T04:08:45.984      77.06   -123.43   -434.35    458.08   4.15139   0.44571  -2.12132
1998-09-26T04:08:51.984      77.08   -123.88   -434.38    458.23   4.16857   0.46116  -2.12049
1998-09-26T04:08:57.984      76.58   -123.81   -434.16    457.92   4.18574   0.47661  -2.11967
1998-09-26T04:09:03.984      76.43   -123.97   -434.30    458.07   4.20291   0.49206  -2.11884
1998-09-26T04:09:09.984      76.43   -124.00   -434.61    458.37   4.22008   0.50751  -2.11801
1998-09-26T04:09:15.984      75.71   -124.00   -434.60    458.24   4.23724   0.52296  -2.11718
1998-09-26T04:09:21.984      75.43   -124.62   -434.77    458.53   4.25441   0.53841  -2.11635
1998-09-26T04:09:27.984      75.26   -124.98   -434.75    458.57   4.27157   0.55386  -2.11552
1998-09-26T04:09:33.984      74.71   -124.49   -434.94    458.53   4.28874   0.56931  -2.11469
1998-09-26T04:09:39.984      74.36   -124.65   -435.00    458.58   4.30590   0.58476  -2.11386
1998-09-26T04:09:45.984      73.94   -124.40   -434.76    458.22   4.32306   0.60021  -2.11303
1998-09-26T04:09:51.984      73.71   -124.11   -434.13    457.49   4.34022   0.61566  -2.11220
1998-09-26T04:09:57.984      73.39   -124.71   -433.78    457.28   4.35738   0.63111  -2.11136
1998-09-26T04:10:03.984      73.81   -125.01   -433.25    456.92   4.37454   0.64655  -2.11053
1998-09-26T04:10:09.984      74.11   -124.98   -432.95    456.68   4.39169   0.66200  -2.10969
1998-09-26T04:10:15.984      74.18   -124.61   -433.00    456.64   4.40885   0.67745  -2.10886
1998-09-26T04:10:21.984      74.81   -125.07   -433.60    457.43   4.42600   0.69290  -2.10802
1998-09-26T04:10:27.984      75.19   -124.74   -434.00    457.78   4.44316   0.70835  -2.10719
1998-09-26T04:10:33.984      74.95   -124.96   -434.49    458.27   4.46031   0.72380  -2.10635
1998-09-26T04:10:39.983      74.80   -125.17   -434.68    458.48   4.47746   0.73924  -2.10551
1998-09-26T04:10:45.983      75.00   -124.54   -434.68    458.34   4.49461   0.75469  -2.10468
1998-09-26T04:10:51.983      73.97   -124.48   -434.00    457.52   4.51175   0.77014  -2.10384
1998-09-26T04:10:57.983      73.59   -124.68   -433.62    457.15   4.52890   0.78559  -2.10300
1998-09-26T04:11:03.983      73.96   -125.38   -433.64    457.42   4.54605   0.80103  -2.10216
1998-09-26T04:11:09.983      73.84   -125.95   -433.99    457.89   4.56319   0.81648  -2.10132
1998-09-26T04:11:15.983      74.39   -126.06   -434.58    458.57   4.58033   0.83193  -2.10048
1998-09-26T04:11:21.983      74.14   -126.11   -435.26    459.19   4.59748   0.84738  -2.09964
1998-09-26T04:11:27.983      73.77   -125.96   -436.26    460.03   4.61462   0.86282  -2.09880
1998-09-26T04:11:33.983      73.02   -126.42   -436.26    460.04   4.63176   0.87827  -2.09796
1998-09-26T04:11:39.983      72.74   -125.92   -436.33    459.93   4.64890   0.89371  -2.09712
1998-09-26T04:11:45.983      71.59   -126.80   -436.15    459.81   4.66604   0.90916  -2.09627
1998-09-26T04:11:51.983      71.13   -127.53   -435.46    459.29   4.68317   0.92461  -2.09543
1998-09-26T04:11:57.983      71.50   -128.58   -435.25    459.44   4.70031   0.94005  -2.09459
1998-09-26T04:12:03.983      71.56   -128.98   -434.97    459.30   4.71744   0.95550  -2.09374
1998-09-26T04:12:09.983      72.17   -129.09   -434.91    459.37   4.73458   0.97094  -2.09290
1998-09-26T04:12:15.983      72.46   -129.27   -435.15    459.69   4.75171   0.98639  -2.09205
1998-09-26T04:12:21.983      72.77   -129.49   -435.07    459.73   4.76884   1.00183  -2.09121
1998-09-26T04:12:27.983      72.59   -129.82   -435.23    459.94   4.78597   1.01728  -2.09036
1998-09-26T04:12:33.983      72.02   -129.61   -435.31    459.87   4.80310   1.03272  -2.08951
1998-09-26T04:12:39.983      72.10   -129.60   -435.20    459.77   4.82023   1.04817  -2.08867
1998-09-26T04:12:45.983      71.69   -129.96   -434.99    459.62   4.83736   1.06361  -2.08782
1998-09-26T04:12:51.983      71.80   -130.48   -435.46    460.22   4.85449   1.07906  -2.08697
1998-09-26T04:12:57.983      72.01   -130.21   -435.44    460.16   4.87161   1.09450  -2.08612
1998-09-26T04:13:03.983      71.80   -130.86   -435.49    460.36   4.88874   1.10995  -2.08527
1998-09-26T04:13:09.983      71.93   -131.15   -435.07    460.06   4.90586   1.12539  -2.08442
1998-09-26T04:13:15.983      72.07   -131.53   -434.94    460.07   4.92298   1.14083  -2.08358
1998-09-26T04:13:21.983      72.05   -131.92   -434.72    459.97   4.94010   1.15628  -2.08273
1998-09-26T04:13:27.983      71.91   -131.95   -434.99    460.22   4.95722   1.17172  -2.08187
1998-09-26T04:13:33.983      72.26   -131.93   -435.19    460.45   4.97434   1.18716  -2.08102
1998-09-26T04:13:39.983      71.70   -132.21   -435.27    460.52   4.99146   1.20261  -2.08017
1998-09-26T04:13:45.983      71.42   -132.47   -435.18    460.47   5.00858   1.21805  -2.07932
1998-09-26T04:13:51.983      71.27   -132.77   -435.30    460.65   5.02570   1.23349  -2.07847
1998-09-26T04:13:57.983      71.28   -133.17   -435.58    461.02   5.04281   1.24893  -2.07762
1998-09-26T04:14:03.983      71.18   -133.69   -435.73    461.30   5.05993   1.26437  -2.07676
1998-09-26T04:14:09.983      71.29   -133.95   -435.91    461.56   5.07704   1.27982  -2.07591
1998-09-26T04:14:15.983      71.30   -133.98   -435.91    461.58   5.09415   1.29526  -2.07506
1998-09-26T04:14:21.983      70.92   -133.90   -435.96    461.54   5.11127   1.31070  -2.07420
1998-09-26T04:14:27.983      70.72   -134.53   -435.95    461.68   5.12838   1.32614  -2.07335
1998-09-26T04:14:33.983      70.98   -134.22   -435.99    461.67   5.14549   1.34158  -2.07249
1998-09-26T04:14:39.983      70.62   -134.66   -435.90    461.66   5.16260   1.35702  -2.07164
1998-09-26T04:14:45.983      70.53   -134.92   -435.85    461.68   5.17970   1.37246  -2.07078
1998-09-26T04:14:51.983      70.74   -134.82   -436.01    461.83   5.19681   1.38790  -2.06993
1998-09-26T04:14:57.983      70.29   -135.03   -436.03    461.84   5.21392   1.40335  -2.06907
1998-09-26T04:15:03.983      69.95   -135.26   -435.82    461.66   5.23102   1.41879  -2.06821
1998-09-26T04:15:09.983      70.53   -135.37   -435.78    461.74   5.24813   1.43423  -2.06736
1998-09-26T04:15:15.983      70.03   -135.54   -435.77    461.71   5.26523   1.44967  -2.06650
1998-09-26T04:15:21.983      69.99   -135.93   -435.43    461.49   5.28234   1.46510  -2.06564
1998-09-26T04:15:27.983      70.49   -135.90   -435.62    461.74   5.29944   1.48054  -2.06479
1998-09-26T04:15:33.983      70.30   -136.11   -435.86    462.00   5.31654   1.49598  -2.06393
1998-09-26T04:15:39.983      70.11   -136.28   -435.90    462.06   5.33364   1.51142  -2.06307
1998-09-26T04:15:45.983      70.45   -136.37   -436.05    462.27   5.35074   1.52686  -2.06221
1998-09-26T04:15:51.983      70.20   -136.44   -436.23    462.43   5.36784   1.54230  -2.06135
1998-09-26T04:15:57.983      69.87   -136.71   -436.43    462.65   5.38493   1.55774  -2.06049
1998-09-26T04:16:03.983      69.80   -137.04   -436.75    463.03   5.40203   1.57318  -2.05963
1998-09-26T04:16:09.983      69.80   -137.14   -437.01    463.31   5.41913   1.58862  -2.05877
1998-09-26T04:16:15.983      69.57   -137.50   -437.09    463.46   5.43622   1.60405  -2.05791
1998-09-26T04:16:21.983      69.41   -137.74   -437.24    463.65   5.45332   1.61949  -2.05705
1998-09-26T04:16:27.983      69.57   -137.87   -437.24    463.71   5.47041   1.63493  -2.05619
1998-09-26T04:16:33.983      69.10   -138.21   -437.29    463.79   5.48750   1.65037  -2.05533
1998-09-26T04:16:39.983      68.93   -138.51   -437.32    463.88   5.50459   1.66580  -2.05446
1998-09-26T04:16:45.983      69.47   -138.61   -437.53    464.19   5.52169   1.68124  -2.05360
1998-09-26T04:16:51.983      69.02   -138.81   -437.62    464.26   5.53878   1.69668  -2.05274
1998-09-26T04:16:57.983      68.98   -139.25   -437.56    464.33   5.55586   1.71211  -2.05188
1998-09-26T04:17:03.983      69.31   -139.55   -437.50    464.41   5.57295   1.72755  -2.05101
1998-09-26T04:17:09.983      69.06   -139.69   -437.49    464.41   5.59004   1.74299  -2.05015
1998-09-26T04:17:15.983      68.98   -139.70   -437.57    464.48   5.60713   1.75842  -2.04929
1998-09-26T04:17:21.983      69.34   -139.78   -437.58    464.57   5.62421   1.77386  -2.04842
1998-09-26T04:17:27.983      68.97   -139.89   -437.85    464.80   5.64130   1.78929  -2.04756
1998-09-26T04:17:33.983      68.76   -140.06   -437.89    464.86   5.65838   1.80473  -2.04669
1998-09-26T04:17:39.983      69.05   -140.18   -438.09    465.13   5.67547   1.82017  -2.04583
1998-09-26T04:17:45.983      69.02   -140.18   -438.57    465.57   5.69255   1.83560  -2.04496
1998-09-26T04:17:51.983      68.76   -140.51   -438.64    465.69   5.70963   1.85104  -2.04410
1998-09-26T04:17:57.983      68.64   -140.91   -438.90    466.05   5.72671   1.86647  -2.04323
1998-09-26T04:18:03.983      68.75   -141.09   -439.04    466.25   5.74379   1.88191  -2.04237
1998-09-26T04:18:09.983      68.45   -141.49   -439.24    466.52   5.76088   1.89734  -2.04150
1998-09-26T04:18:15.983      68.27   -141.92   -439.36    466.73   5.77795   1.91278  -2.04063
1998-09-26T04:18:21.983      68.75   -142.10   -439.68    467.16   5.79503   1.92821  -2.03977
1998-09-26T04:18:27.983      68.14   -142.87   -439.57    467.20   5.81211   1.94364  -2.03890
1998-09-26T04:18:33.983      67.64   -143.06   -439.53    467.15   5.82919   1.95908  -2.03803
1998-09-26T04:18:39.983      68.29   -143.32   -439.87    467.65   5.84626   1.97451  -2.03717
1998-09-26T04:18:45.983      68.01   -143.55   -440.00    467.80   5.86334   1.98994  -2.03630
1998-09-26T04:18:51.983      67.87   -143.71   -439.92    467.75   5.88041   2.00538  -2.03543
1998-09-26T04:18:57.983      68.16   -143.85   -440.01    467.91   5.89749   2.02081  -2.03456
1998-09-26T04:19:03.983      68.20   -143.86   -439.93    467.85   5.91456   2.03624  -2.03369
1998-09-26T04:19:09.983      68.11   -144.31   -439.89    467.94   5.93163   2.05168  -2.03283
1998-09-26T04:19:15.983      68.78   -144.66   -439.98    468.23   5.94870   2.06711  -2.03196
1998-09-26T04:19:21.983      68.53   -144.89   -440.24    468.50   5.96578   2.08254  -2.03109
1998-09-26T04:19:27.983      68.20   -144.77   -439.91    468.11   5.98285   2.09798  -2.03022
1998-09-26T04:19:33.983      68.46   -144.92   -439.93    468.22   5.99992   2.11341  -2.02935
1998-09-26T04:19:39.983      68.41   -145.19   -440.36    468.70   6.01698   2.12884  -2.02848
1998-09-26T04:19:45.983      67.92   -145.86   -440.28    468.75   6.03405   2.14427  -2.02761
1998-09-26T04:19:51.983      68.01   -146.07   -440.09    468.66   6.05112   2.15970  -2.02674
1998-09-26T04:19:57.983      68.18   -145.90   -440.00    468.55   6.06819   2.17513  -2.02587
1998-09-26T04:20:03.983      67.54   -146.04   -439.87    468.37   6.08525   2.19057  -2.02500
1998-09-26T04:20:09.983      67.57   -146.05   -439.76    468.28   6.10232   2.20600  -2.02412
1998-09-26T04:20:15.983      67.91   -145.72   -439.84    468.30   6.11938   2.22143  -2.02325
1998-09-26T04:20:21.983      67.66   -145.89   -439.78    468.26   6.13645   2.23686  -2.02238
1998-09-26T04:20:27.983      67.32   -146.11   -439.70    468.21   6.15351   2.25229  -2.02151
1998-09-26T04:20:33.983      67.88   -145.97   -439.59    468.14   6.17057   2.26772  -2.02064
1998-09-26T04:20:39.983      67.51   -145.96   -439.58    468.07   6.18764   2.28315  -2.01977
1998-09-26T04:20:45.983      67.37   -146.30   -439.67    468.24   6.20470   2.29858  -2.01889
1998-09-26T04:20:51.983      67.82   -146.47   -439.95    468.62   6.22176   2.31401  -2.01802
1998-09-26T04:20:57.983      67.56   -146.69   -440.23    468.92   6.23882   2.32944  -2.01715
1998-09-26T04:21:03.983      67.43   -146.89   -440.30    469.03   6.25588   2.34487  -2.01627
1998-09-26T04:21:09.983      67.62   -147.24   -440.52    469.37   6.27294   2.36030  -2.01540
1998-09-26T04:21:15.983      67.42   -147.35   -441.19    470.00   6.28999   2.37573  -2.01453
1998-09-26T04:21:21.983      67.23   -147.86   -440.97    469.93   6.30705   2.39116  -2.01365
1998-09-26T04:21:27.983      67.50   -148.35   -440.89    470.05   6.32411   2.40659  -2.01278
1998-09-26T04:21:33.983      67.47   -148.43   -441.14    470.30   6.34116   2.42202  -2.01191
1998-09-26T04:21:39.983      67.32   -148.93   -440.93    470.24   6.35822   2.43745  -2.01103
1998-09-26T04:21:45.983      67.14   -149.09   -441.27    470.59   6.37527   2.45288  -2.01016
1998-09-26T04:21:51.983      67.20   -149.14   -441.27    470.61   6.39233   2.46831  -2.00928
1998-09-26T04:21:57.983      66.86   -149.60   -441.30    470.74   6.40938   2.48373  -2.00841
1998-09-26T04:22:03.983      66.75   -150.34   -441.45    471.10   6.42643   2.49916  -2.00753
1998-09-26T04:22:09.983      67.26   -150.56   -441.61    471.39   6.44349   2.51459  -2.00666
1998-09-26T04:22:15.983      67.02   -151.02   -441.78    471.67   6.46054   2.53002  -2.00578
1998-09-26T04:22:21.983      66.93   -151.13   -441.68    471.59   6.47759   2.54545  -2.00491
1998-09-26T04:22:27.983      67.37   -151.22   -441.85    471.84   6.49464   2.56088  -2.00403
1998-09-26T04:22:33.983      66.85   -150.99   -441.42    471.29   6.51169   2.57630  -2.00315
1998-09-26T04:22:39.983      66.73   -150.90   -440.78    470.65   6.52874   2.59173  -2.00228
1998-09-26T04:22:45.983      67.33   -150.52   -440.62    470.46   6.54579   2.60716  -2.00140
1998-09-26T04:22:51.983      67.02   -150.54   -440.78    470.57   6.56284   2.62259  -2.00052
1998-09-26T04:22:57.983      66.79   -150.65   -441.03    470.81   6.57988   2.63801  -1.99965
1998-09-26T04:23:03.983      67.18   -150.81   -441.16    471.04   6.59693   2.65344  -1.99877
1998-09-26T04:23:09.983      67.05   -150.90   -441.50    471.37   6.61398   2.66887  -1.99789
1998-09-26T04:23:15.983      66.54   -151.23   -441.10    471.03   6.63102   2.68429  -1.99702
1998-09-26T04:23:21.983      66.57   -151.53   -441.17    471.19   6.64807   2.69972  -1.99614
1998-09-26T04:23:27.983      66.64   -151.96   -441.49    471.65   6.66511   2.71515  -1.99526
1998-09-26T04:23:33.983      66.10   -152.45   -441.60    471.83   6.68215   2.73057  -1.99438
1998-09-26T04:23:39.983      65.78   -152.81   -441.68    471.98   6.69920   2.74600  -1.99350
1998-09-26T04:23:45.983      66.14   -152.30   -441.41    471.61   6.71624   2.76143  -1.99263
1998-09-26T04:23:51.983      65.88   -152.10   -441.39    471.49   6.73328   2.77685  -1.99175
1998-09-26T04:23:57.983      65.47   -152.52   -441.50    471.67   6.75032   2.79228  -1.99087
1998-09-26T04:24:03.983      65.82   -152.68   -441.88    472.13   6.76736   2.80770  -1.98999
1998-09-26T04:24:09.983      65.69   -152.98   -441.74    472.07   6.78440   2.82313  -1.98911
1998-09-26T04:24:15.983      65.66   -152.95   -441.78    472.09   6.80144   2.83856  -1.98823
1998-09-26T04:24:21.983      66.27   -153.13   -441.50    471.97   6.81848   2.85398  -1.98735
1998-09-26T04:24:27.983      65.80   -153.15   -441.71    472.12   6.83552   2.86941  -1.98647
1998-09-26T04:24:33.983      65.72   -153.58   -441.72    472.25   6.85256   2.88483  -1.98559
1998-09-26T04:24:39.983      66.39   -153.61   -442.07    472.69   6.86960   2.90026  -1.98471
1998-09-26T04:24:45.983      65.60   -154.02   -442.34    472.96   6.88663   2.91568  -1.98383
1998-09-26T04:24:51.983      65.80   -154.14   -442.06    472.77   6.90367   2.93111  -1.98295
1998-09-26T04:24:57.983      65.97   -154.18   -442.14    472.87   6.92071   2.94653  -1.98207
1998-09-26T04:25:03.983      65.89   -154.29   -442.33    473.07   6.93774   2.96196  -1.98119
1998-09-26T04:25:09.983      65.59   -154.52   -442.23    473.02   6.95478   2.97738  -1.98031
1998-09-26T04:25:15.983      65.93   -154.69   -442.37    473.25   6.97181   2.99280  -1.97943
1998-09-26T04:25:21.983      66.08   -154.57   -442.64    473.48   6.98884   3.00823  -1.97855
1998-09-26T04:25:27.983      65.80   -154.95   -442.76    473.68   7.00588   3.02365  -1.97767
1998-09-26T04:25:33.983      65.84   -155.17   -442.70    473.71   7.02291   3.03908  -1.97679
1998-09-26T04:25:39.983      66.16   -155.19   -442.89    473.93   7.03994   3.05450  -1.97591
1998-09-26T04:25:45.983      65.63   -155.43   -442.94    473.98   7.05697   3.06992  -1.97502
1998-09-26T04:25:51.983      65.31   -155.80   -443.09    474.20   7.07400   3.08535  -1.97414
1998-09-26T04:25:57.983      65.84   -155.99   -443.13    474.37   7.09103   3.10077  -1.97326
1998-09-26T04:26:03.983      65.76   -156.12   -443.08    474.36   7.10806   3.11619  -1.97238
1998-09-26T04:26:09.983      65.43   -156.29   -442.92    474.22   7.12509   3.13162  -1.97150
1998-09-26T04:26:15.983      65.70   -156.14   -442.69    474.00   7.14212   3.14704  -1.97061
1998-09-26T04:26:21.983      65.32   -156.23   -443.34    474.58   7.15915   3.16246  -1.96973
1998-09-26T04:26:27.983      65.29   -156.42   -443.33    474.63   7.17618   3.17789  -1.96885
1998-09-26T04:26:33.983      65.70   -156.59   -443.65    475.04   7.19320   3.19331  -1.96797
1998-09-26T04:26:39.983      65.56   -156.87   -444.00    475.44   7.21023   3.20873  -1.96708
1998-09-26T04:26:45.983      65.17   -157.14   -443.91    475.39   7.22725   3.22416  -1.96620
1998-09-26T04:26:51.983      65.59   -157.43   -443.86    475.50   7.24428   3.23958  -1.96532
1998-09-26T04:26:57.983      65.78   -157.56   -444.39    476.06   7.26130   3.25500  -1.96443
1998-09-26T04:27:03.983      65.23   -157.92   -443.89    475.64   7.27833   3.27042  -1.96355
1998-09-26T04:27:09.983      65.44   -158.09   -444.07    475.89   7.29535   3.28585  -1.96267
1998-09-26T04:27:15.983      65.83   -158.25   -444.32    476.23   7.31238   3.30127  -1.96178
1998-09-26T04:27:21.983      65.54   -158.54   -443.92    475.91   7.32940   3.31669  -1.96090
1998-09-26T04:27:27.983      65.40   -158.61   -443.88    475.88   7.34642   3.33211  -1.96002
1998-09-26T04:27:33.983      65.92   -158.82   -444.38    476.49   7.36344   3.34754  -1.95913
1998-09-26T04:27:39.983      65.56   -159.14   -444.64    476.79   7.38046   3.36296  -1.95825
1998-09-26T04:27:45.983      65.39   -159.25   -444.75    476.90   7.39748   3.37838  -1.95736
1998-09-26T04:27:51.983      65.72   -159.26   -444.88    477.08   7.41451   3.39380  -1.95648
1998-09-26T04:27:57.983      65.31   -159.50   -444.87    477.09   7.43153   3.40922  -1.95559
1998-09-26T04:28:03.983      65.20   -159.78   -444.72    477.03   7.44854   3.42464  -1.95471
1998-09-26T04:28:09.983      65.55   -159.86   -444.92    477.29   7.46556   3.44007  -1.95382
1998-09-26T04:28:15.983      65.16   -160.47   -445.16    477.67   7.48258   3.45549  -1.95294
1998-09-26T04:28:21.983      65.07   -160.75   -444.99    477.59   7.49960   3.47091  -1.95205
1998-09-26T04:28:27.983      65.26   -160.94   -445.03    477.71   7.51662   3.48633  -1.95117
1998-09-26T04:28:33.983      65.13   -161.30   -445.68    478.42   7.53363   3.50175  -1.95028
1998-09-26T04:28:39.983      64.57   -161.66   -445.85    478.63   7.55065   3.51717  -1.94940
1998-09-26T04:28:45.983      65.07   -161.78   -445.72    478.61   7.56767   3.53259  -1.94851
1998-09-26T04:28:51.983      65.23   -161.85   -446.07    478.99   7.58468   3.54801  -1.94763
1998-09-26T04:28:57.983      64.96   -162.25   -445.96    478.98   7.60170   3.56343  -1.94674
1998-09-26T04:29:03.983      65.04   -162.56   -446.07    479.20   7.61871   3.57886  -1.94585
1998-09-26T04:29:09.983      65.43   -162.59   -446.38    479.55   7.63572   3.59428  -1.94497
1998-09-26T04:29:15.983      65.33   -163.07   -446.45    479.77   7.65274   3.60970  -1.94408
1998-09-26T04:29:21.983      65.35   -163.49   -446.62    480.07   7.66975   3.62512  -1.94319
1998-09-26T04:29:27.983      65.58   -163.50   -446.96    480.42   7.68676   3.64054  -1.94231
1998-09-26T04:29:33.983      65.56   -163.90   -446.94    480.53   7.70377   3.65596  -1.94142
1998-09-26T04:29:39.983      65.34   -164.22   -447.03    480.71   7.72079   3.67138  -1.94053
1998-09-26T04:29:45.983      65.82   -164.47   -447.00    480.82   7.73780   3.68680  -1.93965
1998-09-26T04:29:51.983      65.41   -164.61   -447.16    480.96   7.75481   3.70222  -1.93876
1998-09-26T04:29:57.983      65.37   -164.88   -447.21    481.09   7.77182   3.71764  -1.93787
